Kehin PWK Jet Sizes

Main Jet Sizes        Pilot Jet Sizes
130                   35
132                   38
135                   40
138                   42
140                   45
142                   48
145                   50
148                   52
150                   55
152                   58
155                   60
158                   62
160                   65
162                   68
165                   70
168                   72
170                   75
172                   78
175                   80
178                   
180
182
185
188
190
192
195
198
200
205
210
215
220
230
